101 立白洗衣粉 0 50 箱 45.000000 2020 1 15 2020 5 19 日用品 Admin
234 旺旺仙贝 40 40 箱 23.000000 2020 4 10 2020 5 19 零食 Admin
1 洗衣粉 0 50 箱 15.000000 2020 1 15 2020 5 20 日用品 Admin
2 红牛 18 20 箱 19.000000 2020 1 19 2020 5 20 饮料 Admin
3 口香糖 12 12 盒 3.000000 2020 3 5 2020 5 20 日用品 Admin
101 立白洗衣粉 60 60 箱 50.000000 2020 3 6 2020 5 20 日用品 Admin
5 面包 3 3 条 2.000000 2020 5 20 2020 5 20 食用品 Admin
1 洗衣粉 18 18 箱 20.000000 2020 2 13 2020 5 21 日用品 Admin
4 晨光笔芯 100 100 盒 9.000000 2020 1 1 2020 5 21 文具 Admin
520 旺仔牛奶糖 50 50 包 10.000000 2020 1 2 2020 5 21 零食 Admin
521 旺仔牛奶 50 50 箱 20.000000 2020 1 20 2020 5 21 饮料 Admin
521 旺仔牛奶 50 50 箱 10.000000 2020 1 28 2020 5 21 饮料 Admin
523 QQ糖 50 50 箱 12.000000 2020 1 1 2020 5 21 零食 Admin
522 旺旺碎冰冰 0 50 箱 20.000000 2020 1 28 2020 5 21 零食 Admin
522 旺旺碎冰冰 30 30 箱 10.000000 2020 1 28 2020 5 21 零食 Admin
522 旺旺碎冰冰 50 50 箱 10.000000 2020 1 28 2020 5 21 零食 Admin
522 旺旺碎冰冰 30 30 箱 10.000000 2020 2 12 2020 5 21 零食 Admin
525 金典有机奶 50 50 箱 30.000000 2020 2 28 2020 5 22 饮料 Admin
