101 立白洗衣粉 80.000000 日用品 60 0 36 0 50 箱 立白公司 0.000000 10.000000 1000
234 旺旺仙贝 40.000000 零食 40 1 0 0 0 箱 旺旺公司 0.000000 10.000000 1000
1 洗衣粉 30.000000 日用品 18 0 12 0 50 箱 汰渍 0.000000 10.000000 1000
2 红牛 30.000000 饮料 18 0 12 0 0 箱 Redbull 0.000000 10.000000 1000
3 口香糖 18.000000 日用品 12 0 12 0 0 盒 绿箭 0.000000 10.000000 5000
5 面包 5.000000 食用品 3 0 0 3 0 条 金冠 0.000000 10.000000 50
4 晨光笔芯 15.000000 文具 100 0 24 0 0 盒 晨光文具 0.000000 10.000000 1000
521 旺仔牛奶 50.000000 饮料 100 0 24 0 0 箱 旺仔公司 0.000000 10.000000 1000
520 旺仔牛奶糖 20.000000 零食 50 0 24 0 0 包 旺仔公司 0.000000 10.000000 1000
522 旺旺碎冰冰 29.000000 零食 110 0 12 0 50 箱 旺仔公司 0.000000 10.000000 1000
523 QQ糖 30.000000 零食 50 0 24 0 0 箱 沃兹基德公司 0.000000 10.000000 1000
525 金典有机奶 55.000000 饮料 50 0 12 0 0 箱 金典 0.000000 10.000000 1000
